0
0.011
0.022
0.032
0.043
0.053
0.063
0.074
0.084
0.095
0.105
0.115
0.126
0.136
0.147
0.157
0.167
0.178
0.188
0.199
0.209
0.219
0.23
0.24
0.251
0.261
0.271
0.282
0.292
0.302
0.313
0.323
0.334
0.344
0.355
0.365
0.375
0.386
0.396
0.407
0.417
0.427
0.438
0.448
0.459
0.469
0.479
0.49
0.5
0.511
0.521
0.531
0.542
0.552
0.563
0.573
0.583
0.594
0.604
0.615
0.625
0.636
0.646
0.656
0.667
0.677
0.688
0.698
0.709
0.719
0.729
0.74
0.75
0.761
0.771
0.781
0.792
0.802
0.813
0.823
0.833
0.844
0.854
0.865
0.875
0.886
0.896
0.906
0.917
0.927
0.938
0.948
0.958
0.969
0.979
0.989
1
1.01
1.021
1.031
1.042
1.052
1.062
1.073
1.083
1.094
1.104
1.114
1.125
1.135
1.146
1.156
1.166
1.177
1.187
1.198
1.208
1.218
1.229
1.239
1.25
1.26
1.27
1.281
1.291
1.302
1.312
1.322
1.333
1.343
1.354
1.364
1.374
1.385
1.395
1.406
1.416
1.426
1.437
1.447
1.458
1.468
1.478
1.489
1.499
1.51
1.52
1.531
1.541
1.551
1.562
1.572
1.582
1.593
1.603
1.614
1.624
1.635
1.645
1.655
1.666
1.676
1.687
1.697
1.708
1.718
1.728
1.739
1.749
1.76
1.77
1.781
1.791
1.801
1.812
1.822
1.833
1.843
1.853
1.864
1.874
1.885
1.895
1.905
1.916
1.926
1.937
1.947
1.958
1.968
1.978
1.989
1.999
2.01
2.02
2.031
2.041
2.051
2.062
2.072
2.083
2.093
2.104
2.114
2.124
2.135
2.145
2.156
2.166
2.176
2.187
2.197
2.208
2.218
2.228
2.239
2.249
2.26
2.27
2.28
2.291
2.301
2.312
2.322
2.333
2.343
2.353
2.364
2.374
2.385
2.395
2.405
2.416
2.426
2.437
2.447
2.457
2.468
2.478
2.489
2.499
2.51
2.52
2.53
2.541
2.551
2.562
2.572
2.582
2.593
2.603
2.614
2.624
2.635
2.645
2.655
2.666
2.676
2.687
2.697
2.708
2.718
2.728
2.739
2.749
2.76
2.77
2.78
2.791
2.801
2.812
2.822
2.832
2.843
2.853
2.864
2.874
2.885
2.895
2.905
2.916
2.926
2.937
2.947
2.958
2.968
2.978
2.989
2.999
3.01
3.02
3.031
3.041
3.051
3.062
3.072
3.083
3.093
3.103
3.114
3.124
3.135
3.145
3.155
3.166
3.176
3.187
3.197
3.208
3.218
3.228
3.239
3.249
3.26
3.27
3.28
3.291
3.301
3.312
3.322
3.332
3.343
3.353
3.363
3.374
3.384
3.395
3.405
3.416
3.426
3.436
3.447
3.457
3.468
3.478
3.488
3.499
3.509
3.52
3.53
3.541
3.551
3.561
3.572
3.582
3.593
3.603
3.614
3.624
3.634
3.645
3.655
3.666
3.676
3.686
3.697
3.707
3.718
3.728
3.738
3.749
3.759
3.77
3.78
3.791
3.801
3.811
3.822
3.832
3.843
3.853
3.863
3.874
3.884
3.895
3.905
3.916
3.926
3.936
3.947
3.957
3.967
3.978
3.988
3.999
4.009
4.02
4.03
4.04
4.051
4.061
4.072
4.082
4.092
4.103
4.113
4.124
4.134
4.144
4.155
4.165
4.176
4.186
4.197
4.207
4.217
4.228
4.238
4.249
4.259
4.269
4.28
4.29
4.301
4.311
4.321
4.332
4.342
4.353
4.363
4.373
4.384
4.394
4.405
4.415
4.426
4.436
4.446
4.457
4.467
4.478
4.488
4.498
4.509
4.519
4.53
4.54
4.55
4.561
4.571
4.582
4.592
4.602
4.613
4.623
4.634
4.644
4.655
4.665
4.675
4.686
4.696
4.707
4.717
4.728
4.738
4.748
4.759
4.769
4.78
4.79
4.801
4.811
4.821
4.832
4.842
4.853
4.863
4.873
4.884
4.894
4.905
4.915
4.926
4.936
4.946
4.957
4.967
4.978
4.988
4.998
5.009
5.019
5.03
5.04
5.051
5.061
5.071
5.082
5.092
5.103
5.113
5.123
5.134
5.144
5.155
5.165
5.175
5.186
5.196
5.207
5.217
5.227
5.238
5.248
5.259
5.269
5.279
5.29
5.3
5.311
5.321
5.331
5.342
5.352
5.363
5.373
5.384
5.394
5.404
5.415
5.425
5.436
5.446
5.456
5.467
5.477
5.488
5.498
5.508
5.519
5.529
5.54
5.55
5.56
5.571
5.581
5.592
5.602
5.612
5.623
5.633
5.644
5.654
5.665
5.675
5.685
5.696
5.706
5.717
5.727
5.738
5.748
5.758
5.769
5.779
5.79
5.8
5.81
5.821
5.831
5.842
5.852
5.863
5.873
5.883
5.894
5.904
5.915
5.925
5.935
5.946
5.956
5.967
5.977
5.987
5.998
6.008
6.019
6.029
6.04
6.05
6.061
6.071
6.081
6.092
6.102
6.113
6.123
6.133
6.144
6.154
6.164
6.175
6.185
6.196
6.206
6.216
6.227
6.237
6.248
6.258
6.269
6.279
6.289
6.3
6.31
6.321
6.331
6.341
6.352
6.362
6.373
6.383
6.394
6.404
6.414
6.425
6.435
6.446
6.456
6.467
6.477
6.487
6.498
6.508
6.519
6.529
6.539
6.55
6.56
6.571
6.581
6.591
6.602
6.612
6.623
6.633
6.643
6.654
6.664
6.675
6.685
6.695
6.706
6.716
6.727
6.737
6.747
6.758
6.768
6.779
6.789
6.8
6.81
6.82
6.831
6.841
6.852
6.862
6.872
6.883
6.893
6.904
6.914
6.924
6.935
6.945
6.956
6.966
6.977
6.987
6.997
7.008
7.018
7.029
7.039
7.049
7.06
7.07
7.081
7.091
7.102
7.112
7.122
7.133
7.143
7.154
7.164
7.174
7.185
7.195
7.206
7.216
7.226
7.237
7.247
7.258
7.268
7.279
7.289
7.299
7.31
7.32
7.331
7.341
7.351
7.362
7.372
7.383
7.393
7.403
7.414
7.424
7.435
7.445
7.456
7.466
7.476
7.487
7.497
7.508
7.518
7.529
7.539
7.549
7.56
7.57
7.581
7.591
7.601
7.612
7.622
7.633
7.643
7.653
7.664
7.674
7.685
7.695
7.705
7.716
7.726
7.737
7.747
7.757
7.768
7.778
7.789
7.799
7.81
7.82
7.83
7.841
7.851
7.862
7.872
7.882
7.893
7.903
7.914
7.924
7.934
7.945
7.955
7.966
7.976
7.986
7.997
8.007
8.018
8.028
8.039
8.049
8.059
8.07
8.08
8.091
8.101
8.111
8.122
8.132
8.143
8.153
8.164
8.174
8.184
8.195
8.205
8.216
8.226
8.236
8.247
8.257
8.268
8.278
8.288
8.299
8.309
8.32
8.33
8.34
8.351
8.361
8.372
8.382
8.392
8.403
8.413
8.424
8.434
8.445
8.455
8.465
8.476
8.486
8.497
8.507
8.517
8.528
8.538
8.549
8.559
8.569
8.58
8.59
8.601
8.611
8.621
8.632
8.642
8.653
8.663
8.673
8.684
8.694
8.705
8.715
8.725
8.736
8.746
8.757
8.767
8.778
8.788
8.799
8.809
8.819
8.83
8.84
8.851
8.861
8.871
8.882
8.892
8.903
8.913
8.923
8.934
8.944
8.955
8.965
8.975
8.986
8.996
9.007
9.017
9.027
9.038
9.048
9.059
9.069
9.079
9.09
9.1
9.111
9.121
9.132
9.142
9.152
9.163
9.173
9.184
9.194
9.204
9.215
9.225
9.236
9.246
9.256
9.267
9.277
9.288
9.298
9.308
9.319
9.329
9.34
9.35
9.36
9.371
9.381
9.392
9.402
9.412
9.423
9.433
9.444
9.454
9.465
9.475
9.486
9.496
9.507
9.517
9.527
9.538
9.548
9.559
9.569
9.579
9.59
9.6
9.611
9.621
9.632
9.642
9.652
9.663
9.673
9.684
9.694
9.704
9.715
9.725
9.736
9.746
9.757
9.767
9.778
9.788
9.798
9.809
9.819
9.83
9.84
9.85
9.861
9.871
9.882
9.892
9.903
9.913
9.924
9.934
9.944
9.955
9.965
9.976
9.986
9.996
10.007
10.017
10.028
10.038
10.048
10.059
10.069
10.08
10.09
10.101
10.111
10.121
10.132
10.142
10.153
10.163
10.173
10.184
10.194
10.205
10.215
10.226
10.236
10.246
10.257
10.267
10.278
10.288
10.299
10.309
10.319
10.33
10.34
10.351
10.361
10.372
10.382
10.392
10.403
10.413
10.424
10.434
10.444
10.455
10.465
10.476
10.486
10.497
10.507
10.517
10.528
10.538
10.549
10.559
10.569
10.58
10.59
10.601
10.611
10.622
10.632
10.642
10.653
10.663
10.674
10.684
10.695
10.705
10.715
10.726
10.736
10.747
10.757
10.767
10.778
10.788
10.799
10.809
10.82
10.83
10.84
10.851
10.861
10.872
10.882
10.892
10.903
10.913
10.924
10.934
10.944
10.955
10.965
10.976
10.986
10.997
11.007
11.018
11.028
11.039
11.049
11.059
11.07
11.08
11.091
11.101
11.111
11.122
11.132
11.143
11.153
11.164
11.174
11.184
11.195
11.205
11.216
11.226
11.237
11.247
11.257
11.268
11.278
11.289
11.299
11.309
11.32
11.33
11.341
11.351
11.362
11.372
11.383
11.393
11.403
11.414
11.424
11.435
11.445
11.455
11.466
11.476
11.487
11.497
11.508
11.518
11.528
11.539
11.549
11.56
11.57
11.58
11.591
11.601
11.612
11.622
11.632
11.643
11.653
11.664
11.674
11.685
11.695
11.705
11.716
11.726
11.737
11.747
11.757
11.768
11.778
11.789
11.799
11.81
11.82
11.83
11.841
11.851
11.862
11.872
11.882
11.893
11.903
11.914
11.924
11.935
11.945
11.955
11.966
11.976
11.987
11.997
12.008
12.018
12.028
12.039
12.049
12.06
12.07
12.08
12.091
12.101
12.112
12.122
12.132
12.143
12.153
12.164
12.174
12.185
12.195
12.205
12.216
12.226
12.237
12.247
12.258
12.268
12.279
12.289
12.299
12.31
12.32
12.331
12.341
12.351
12.362
12.372
12.383
12.393
12.404
12.414
12.424
12.435
12.445
12.456
12.466
12.476
12.487
12.497
12.508
12.518
12.528
12.539
12.549
12.56
12.57
12.581
12.591
12.601
12.612
12.622
12.633
12.643
12.654
12.664
12.674
12.685
12.695
12.706
12.716
12.726
12.737
12.747
12.758
12.768
12.779
12.789
12.799
12.81
12.82
12.831
12.841
12.851
12.862
12.872
12.883
12.893
12.903
12.914
12.924
12.935
12.945
12.956
12.966
12.976
12.987
12.997
13.008
13.018
13.028
13.039
13.049
13.06
13.07
13.08
13.091
13.101
13.112
13.122
13.133
13.143
13.153
13.164
13.174
13.185
13.195
13.205
13.216
13.226
13.237
13.247
13.257
13.268
13.278
13.289
13.299
13.31
13.32
13.331
13.341
13.351
13.362
13.372
13.383
13.393
13.403
13.414
13.424
13.435
13.445
13.456
13.466
13.477
13.487
13.497
13.508
13.518
13.529
13.539
13.549
13.56
13.57
13.581
13.591
13.601
13.612
13.622
13.633
13.643
13.654
13.664
13.674
13.685
13.695
13.706
13.716
13.726
13.737
13.747
13.758
13.768
13.778
13.789
13.799
13.81
13.82
13.831
13.841
13.851
13.862
13.872
13.883
13.893
13.903
13.914
13.924
13.935
13.945
13.955
13.966
13.976
13.987
13.997
14.008
14.018
14.028
14.039
14.049
14.06
14.07
14.08
14.091
14.101
14.112
14.122
14.132
14.143
14.153
14.164
14.174
14.185
14.195
14.205
14.216
14.226
14.237
14.247
14.258
14.268
14.278
14.289
14.299
14.31
14.32
14.331
14.341
14.351
14.362
14.372
14.383
14.393
14.403
14.414
14.424
14.435
14.445
14.455
14.466
14.476
14.487
14.497
14.508
14.518
14.528
14.539
14.549
14.56
14.57
14.58
14.591
14.601
14.612
14.622
14.632
14.643
14.653
14.664
14.674
14.685
14.695
14.705
14.716
14.726
14.737
14.747
14.757
14.768
14.778
14.789
14.799
14.809
14.82
14.83
14.841
14.851
14.862
14.872
14.882
14.893
14.903
14.914
14.924
14.934
14.945
14.955
14.966
14.976
14.987
14.997
15.008
15.018
15.028
15.039
15.049
15.06
15.07
15.081
15.091
15.101
15.112
15.122
15.133
15.143
15.153
15.164
15.174
15.185
15.195
15.206
15.216
15.226
15.237
15.247
15.258
15.268
15.278
15.289
15.299
15.31
15.32
15.331
15.341
15.351
15.362
15.372
15.383
15.393
15.403
15.414
15.424
15.435
15.445
15.455
15.466
15.476
15.487
15.497
15.508
15.518
15.528
15.539
15.549
15.56
15.57
15.58
15.591
15.601
15.612
15.622
15.632
15.643
15.653
15.664
15.674
15.685
15.695
15.705
15.716
15.726
15.737
15.747
15.757
15.768
15.778
15.789
15.799
15.81
15.82
15.83
15.841
15.851
15.862
15.872
15.883
15.893
15.903
15.914
15.924
15.935
15.945
15.955
15.966
15.976
15.987
15.997
16.008
16.018
16.029
16.039
16.049
16.06
16.07
16.081
16.091
16.101
16.112
16.122
16.133
16.143
16.153
16.164
16.174
16.185
16.195
16.206
16.216
16.226
16.237
16.247
16.258
16.268
16.278
16.289
16.299
16.31
16.32
16.331
16.341
16.351
16.362
16.372
16.383
16.393
16.403
16.414
16.424
16.435
16.445
16.455
16.466
16.476
16.487
16.497
16.508
16.518
16.528
16.539
16.549
16.56
16.57
16.58
16.591
16.601
16.612
16.622
16.633
16.643
16.653
16.664
16.674
16.685
16.695
16.705
16.716
16.726
16.737
16.747
16.757
16.768
16.778
16.789
16.799
16.81
16.82
16.83
16.841
16.851
16.862
16.872
16.883
16.893
16.903
16.914
16.924
16.935
16.945
16.955
16.966
16.976
16.987
16.997
17.007
17.018
17.028
17.039
17.049
17.06
17.07
17.08
17.091
17.101
17.112
17.122
17.132
17.143
17.153
17.164
17.174
17.185
17.195
17.205
17.216
17.226
17.237
17.247
17.257
17.268
17.278
17.289
17.299
17.31
17.32
17.33
17.341
17.351
17.362
17.372
17.383
17.393
17.403
17.414
17.424
17.435
17.445
17.455
17.466
17.476
17.487
17.497
17.508
17.518
17.528
17.539
17.549
17.56
17.57
17.58
17.591
17.601
17.612
17.622
17.632
17.643
17.653
17.664
17.674
17.685
17.695
17.705
17.716
17.726
17.737
17.747
17.757
17.768
17.778
17.789
17.799
17.809
17.82
17.83
17.841
17.851
17.862
17.872
17.882
17.893
17.903
17.914
17.924
17.934
17.945
17.955
17.966
17.976
17.987
17.997
18.007
18.018
18.028
18.039
18.049
18.06
18.07
18.08
18.091
18.101
18.112
18.122
18.132
18.143
18.153
18.164
18.174
18.185
18.195
18.205
18.216
18.226
18.237
18.247
18.257
18.268
18.278
18.289
18.299
18.309
18.32
18.33
18.341
18.351
18.362
18.372
18.382
18.393
18.403
18.414
18.424
18.434
18.445
18.455
18.466
18.476
18.486
18.497
18.507
18.518
18.528
18.539
18.549
18.559
18.57
18.58
18.591
18.601
18.611
18.622
18.632
18.643
18.653
18.663
18.674
18.684
18.695
18.705
18.716
18.726
18.736
18.747
18.757
18.768
18.778
18.788
18.799
18.809
18.82
18.83
18.841
18.851
18.861
18.872
18.882
18.893
18.903
18.913
18.924
18.934
18.945
18.955
18.965
18.976
18.986
18.997
19.007
19.018
19.028
19.039
19.049
19.059
19.07
19.08
19.091
19.101
19.111
19.122
19.132
19.143
19.153
19.164
19.174
19.184
19.195
19.205
19.216
19.226
19.236
19.247
19.257
19.268
19.278
19.289
19.299
19.31
19.32
19.33
19.341
19.351
19.362
19.372
19.382
19.393
19.403
19.414
19.424
19.435
19.445
19.456
19.466
19.476
19.487
19.497
19.508
19.518
19.529
19.539
19.549
19.56
19.57
19.581
19.591
19.601
19.612
19.622
19.632
19.643
19.653
19.664
19.674
19.685
19.695
19.706
19.716
19.726
19.737
19.747
19.758
19.768
19.778
19.789
19.799
19.81
19.82
19.831
19.841
19.852
19.862
19.872
19.883
19.893
19.904
19.914
19.924
19.935
19.945
19.956
19.966
19.976
19.987
19.997
20.008
20.018
20.028
20.039
20.049
20.06
20.07
20.081
20.091
20.102
20.112
20.122
20.133
20.143
20.154
20.164
20.175
20.185
20.195
20.206
20.216
20.227
20.237
20.247
20.258
20.268
20.279
20.289
20.3
20.31
20.32
20.331
20.341
20.352
20.362
20.372
20.383
20.393
20.404
20.414
20.424
20.435
20.445
20.456
20.466
20.476
20.487
20.497
20.508
20.518
20.529
20.539
20.549
20.56
20.57
20.581
20.591
20.602
20.612
20.622
20.633
20.643
20.654
20.664
20.674
20.685
20.695
20.706
20.716
20.727
20.737
20.747
20.758
20.768
20.779
20.789
20.8
20.81
20.82
20.831
20.841
20.852
20.862
20.872
20.883
20.893
20.904
20.914
20.924
20.935
20.945
20.956
20.966
20.977
20.987
20.997
21.008
21.018
21.029
21.039
21.049
21.06
21.07
21.081
21.091
21.102
21.112
21.122
21.133
21.143
21.154
21.164
21.174
21.185
21.195
21.206
21.216
21.226
21.237
21.247
21.258
21.268
21.279
21.289
21.299
21.31
21.32
21.331
21.341
21.351
21.362
21.372
21.383
21.393
21.404
21.414
21.424
21.435
21.445
21.456
21.466
21.476
21.487
21.497
21.508
21.518
21.528
21.539
21.549
21.56
21.57
21.581
21.591
21.601
21.612
21.622
21.633
21.643
21.654
21.664
21.674
21.685
21.695
21.706
21.716
21.727
21.737
21.747
21.758
21.768
21.779
21.789
21.799
21.81
21.82
21.831
21.841
21.851
21.862
21.872
21.883
21.893
21.904
21.914
21.924
21.935
21.945
21.956
21.966
21.976
21.987
21.997
22.008
22.018
22.028
22.039
22.049
22.06
22.07
22.08
22.091
22.101
22.112
22.122
22.133
22.143
22.153
22.164
22.174
22.185
22.195
22.206
22.216
22.226
22.237
22.247
22.258
22.268
22.278
22.289
22.299
22.31
22.32
22.33
22.341
22.351
22.362
22.372
22.383
22.393
22.403
22.414
22.424
22.435
22.445
22.455
22.466
22.476
22.487
22.497
22.508
22.518
22.528
22.539
22.549
22.56
22.57
22.58
22.591
22.601
22.612
22.622
22.632
22.643
22.653
22.664
22.674
22.685
22.695
22.706
22.716
22.727
22.737
22.747
22.758
22.768
22.779
22.789
22.799
22.81
22.82
22.831
22.841
22.851
22.862
22.872
22.883
22.893
22.904
22.914
22.924
22.935
22.945
22.956
22.966
22.976
22.987
22.997
23.008
23.018
23.028
23.039
23.049
23.06
23.07
23.08
23.091
23.101
23.112
23.122
23.132
23.143
23.153
23.164
23.174
23.185
23.195
23.206
23.216
23.226
23.237
23.247
23.258
23.268
23.278
23.289
23.299
23.309
23.32
23.33
23.341
23.351
23.362
23.372
23.382
23.393
23.403
23.414
23.424
23.435
23.445
23.455
23.466
23.476
23.487
23.497
23.508
23.518
23.528
23.539
23.549
23.56
23.57
23.581
23.591
23.601
23.612
23.622
23.633
23.643
23.654
23.664
23.674
23.685
23.695
23.706
23.716
23.726
23.737
23.747
23.758
23.768
23.778
23.789
23.799
23.81
23.82
23.831
23.841
23.851
23.862
23.872
23.883
23.893
23.903
23.914
23.924
23.935
23.945
23.955
23.966
23.976
23.987
23.997
24.008
24.018
24.028
24.039
24.049
24.06
24.07
24.081
24.091
24.101
24.112
24.122
24.133
24.143
24.153
24.164
24.174
24.185
24.195
24.205
24.216
24.226
24.237
24.247
24.258
24.268
24.278
24.289
24.299
24.31
24.32
24.331
24.341
24.351
24.362
24.372
24.383
24.393
24.403
24.414
24.424
24.435
24.445
24.455
24.466
24.476
24.487
24.497
24.508
24.518
24.528
24.539
24.549
24.56
24.57
24.58
24.591
24.601
24.612
24.622
24.632
24.643
24.653
24.664
24.674
24.684
24.695
24.705
24.716
24.726
24.737
24.747
24.757
24.768
24.778
24.788
24.799
24.809
24.82
24.83
24.841
24.851
24.861
24.872
24.882
24.893
24.903
24.913
24.924
24.934
24.945
24.955
24.966
24.976
24.986
24.997
25.007
25.018
25.028
25.038
25.049
25.059
25.07
25.08
25.091
25.101
25.112
25.122
25.133
25.143
25.153
25.164
25.174
25.185
25.195
25.206
25.216
25.226
25.237
25.247
25.258
25.268
25.278
25.289
25.299
25.31
25.32
25.331
25.341
25.351
25.362
25.372
25.383
25.393
25.404
25.414
25.424
25.435
25.445
25.456
25.466
25.476
25.487
25.497
25.508
25.518
25.528
25.539
25.549
25.56
25.57
25.58
25.591
25.601
25.612
25.622
25.633
25.643
25.654
25.664
25.674
25.685
25.695
25.706
25.716
25.727
25.737
25.747
25.758
25.768
25.779
25.789
25.799
25.81
25.82
25.831
25.841
25.851
25.862
25.872
25.883
25.893
25.904
25.914
25.925
25.935
25.945
25.956
25.966
25.977
25.987
25.997
26.008
26.018
26.029
26.039
26.049
26.06
26.07
26.081
26.091
26.101
26.112
26.122
26.133
26.143
26.154
26.164
26.174
26.185
26.195
26.206
26.216
26.226
26.237
26.247
26.258
26.268
26.279
26.289
26.299
26.31
26.32
26.331
26.341
26.352
26.362
26.372
26.383
26.393
26.404
26.414
26.424
26.435
26.445
26.456
26.466
26.476
26.487
26.497
26.508
26.518
26.528
26.539
26.549
26.56
26.57
26.581
26.591
26.601
26.612
26.622
26.633
26.643
26.654
26.664
26.674
26.685
26.695
26.706
26.716
26.726
26.737
26.747
26.758
26.768
26.779
26.789
26.799
26.81
26.82
26.831
26.841
26.851
26.862
26.872
26.883
26.893
26.903
26.914
26.924
26.935
26.945
26.955
26.966
26.976
26.987
26.997
27.008
27.018
27.028
27.039
27.049
27.06
27.07
27.081
27.091
27.101
27.112
27.122
27.133
27.143
27.154
27.164
27.174
27.185
27.195
27.206
27.216
27.227
27.237
27.247
27.258
27.268
27.279
27.289
27.299
27.31
27.32
27.331
27.341
27.352
27.362
27.372
27.383
27.393
27.404
27.414
27.424
27.435
27.445
27.456
27.466
27.477
27.487
27.497
27.508
27.518
27.529
27.539
27.55
27.56
27.57
27.581
27.591
27.602
27.612
27.622
27.633
27.643
27.654
27.664
27.674
27.685
27.695
27.706
27.716
27.727
27.737
27.747
27.758
27.768
27.779
27.789
27.799
27.81
27.82
27.831
27.841
27.851
27.862
27.872
27.883
27.893
27.904
27.914
27.924
27.935
27.945
27.956
27.966
27.976
27.987
27.997
28.008
28.018
28.029
28.039
28.049
28.06
28.07
28.081
28.091
28.102
28.112
28.122
28.133
28.143
28.154
28.164
28.174
28.185
28.195
28.206
28.216
28.227
28.237
28.247
28.258
28.268
28.279
28.289
28.299
28.31
28.32
28.331
28.341
28.352
28.362
28.372
28.383
28.393
28.404
28.414
28.424
28.435
28.445
28.456
28.466
28.477
28.487
28.497
28.508
28.518
28.529
28.539
28.549
28.56
28.57
28.581
28.591
28.601
28.612
28.622
28.633
28.643
28.654
28.664
28.675
28.685
28.695
28.706
28.716
28.727
28.737
28.747
28.758
28.768
28.779
28.789
28.8
28.81
28.82
28.831
28.841
28.852
28.862
28.872
28.883
28.893
28.904
28.914
28.924
28.935
28.945
28.956
28.966
28.977
28.987
28.997
29.008
29.018
29.029
29.039
29.049
29.06
29.07
29.081
29.091
29.101
29.112
29.122
29.133
29.143
29.154
29.164
29.174
29.185
29.195
29.206
29.216
29.226
29.237
29.247
29.258
29.268
29.278
29.289
29.299
29.31
29.32
29.331
29.341
29.351
29.362
29.372
29.382
29.393
29.403
29.414
29.424
29.434
29.445
29.455
29.466
29.476
29.486
29.497
29.507
29.518
29.528
29.539
29.549
29.559
29.57
29.58
29.591
29.601
29.611
29.622
29.632
29.643
29.653
29.663
29.674
29.684
29.695
29.705
29.715
29.726
29.736
29.747
29.757
29.767
29.778
29.788
29.799
29.809
29.819
29.83
29.84
29.851
29.861
29.871
29.882
29.892
29.903
29.913
29.924
29.934
29.944
29.955
29.965
29.976
29.986
29.997
30.007
30.017
30.028
30.038
30.049
30.059
30.069
30.08
30.09
30.101
30.111
30.122
30.132
30.142
30.153
30.163
30.174
30.184
30.195
30.205
30.215
30.226
30.236
30.247
30.257
30.268
30.278
30.288
30.299
30.309
30.32
30.33
30.341
30.351
30.362
30.372
30.382
30.393
30.403
30.414
30.424
30.435
30.445
30.455
30.466
30.476
30.487
30.497
30.508
30.518
30.528
30.539
30.549
30.56
30.57
30.581
30.591
30.601
30.612
30.622
30.633
30.643
30.654
30.664
30.674
30.685
30.695
30.706
30.716
30.726
30.737
30.747
30.758
30.768
30.779
30.789
30.799
30.81
30.82
30.831
30.841
30.851
30.862
30.872
30.883
30.893
30.903
30.914
30.924
30.935
30.945
30.955
30.966
30.976
30.987
30.997
31.008
31.018
31.028
31.039
31.049
31.06
31.07
31.08
31.091
31.101
31.112
31.122
31.132
31.143
31.153
31.164
31.174
31.185
31.195
31.205
31.216
31.226
31.237
31.247
31.258
31.268
31.278
31.289
31.299
31.31
31.32
31.331
31.341
31.351
31.362
31.372
31.383
31.393
31.403
31.414
31.424
31.435
31.445
31.456
31.466
31.476
31.487
31.497
31.508
31.518
31.529
31.539
31.549
31.56
31.57
31.581
31.591
31.601
31.612
31.622
31.633
31.643
31.653
31.664
31.674
31.685
31.695
31.706
31.716
31.726
31.737
31.747
31.758
31.768
31.778
31.789
31.799
31.81
31.82
31.831
31.841
31.851
31.862
31.872
31.883
31.893
31.903
31.914
31.924
31.935
31.945
31.956
31.966
31.976
31.987
31.997
32.008
32.018
32.028
32.039
32.049
32.06
32.07
32.08
32.091
32.101
32.112
32.122
32.133
32.143
32.153
32.164
32.174
32.185
32.195
32.206
32.216
32.226
32.237
32.247
32.258
32.268
32.278
32.289
32.299
32.31
32.32
32.33
32.341
32.351
32.362
32.372
32.383
32.393
32.403
32.414
32.424
32.435
32.445
32.455
32.466
32.476
32.487
32.497
32.508
32.518
32.528
32.539
32.549
32.56
32.57
32.58
32.591
32.601
32.612
32.622
32.632
32.643
32.653
32.664
32.674
32.685
32.695
32.705
32.716
32.726
32.737
32.747
32.757
32.768
32.778
32.789
32.799
32.809
32.82
32.83
32.841
32.851
32.862
32.872
32.883
32.893
32.903
32.914
32.924
32.935
32.945
32.955
32.966
32.976
32.987
32.997
33.007
33.018
33.028
33.039
33.049
33.06
33.07
33.08
33.091
33.101
33.112
33.122
33.132
33.143
33.153
33.164
33.174
33.185
33.195
33.205
33.216
33.226
33.237
33.247
33.257
33.268
33.278
33.289
33.299
33.309
33.32
33.33
33.341
33.351
33.362
33.372
33.382
33.393
33.403
33.414
33.424
33.434
33.445
33.455
33.466
33.476
33.486
33.497
33.507
33.518
33.528
33.539
33.549
33.559
33.57
33.58
33.591
33.601
33.612
33.622
33.632
33.643
33.653
33.664
33.674
33.684
33.695
33.705
33.716
33.726
33.736
33.747
33.757
33.768
33.778
33.788
33.799
33.809
33.82
33.83
33.841
33.851
33.861
33.872
33.882
33.893
33.903
33.913
33.924
33.934
33.945
33.955
33.966
33.976
33.986
33.997
34.007
34.018
34.028
34.038
34.049
34.059
34.07
34.08
34.09
34.101
34.111
34.122
34.132
34.143
34.153
34.164
34.174
34.184
34.195
34.205
34.216
34.226
34.236
34.247
34.257
34.268
34.278
34.289
34.299
34.309
34.32
34.33
34.341
34.351
34.362
34.372
34.383
34.393
34.403
34.414
34.424
34.435
34.445
34.455
34.466
34.476
34.487
34.497
34.508
34.518
34.528
34.539
34.549
34.56
34.57
34.58
34.591
34.601
34.612
34.622
34.632
34.643
34.653
34.664
34.674
34.685
34.695
34.705
34.716
34.726
34.737
34.747
34.757
34.768
34.778
34.789
34.799
34.809
34.82
34.83
34.841
34.851
34.862
34.872
34.882
34.893
34.903
34.914
34.924
34.935
34.945
34.956
34.966
34.976
34.987
34.997
35.008
35.018
35.028
35.039
35.049
35.06
35.07
35.08
35.091
35.101
35.112
35.122
35.133
35.143
35.154
35.164
35.175
35.185
35.195
35.206
35.216
35.227
35.237
35.247
35.258
35.268
35.279
35.289
35.3
35.31
35.321
35.331
35.341
35.352
35.362
35.373
35.383
35.393
35.404
35.414
35.425
35.435
35.445
35.456
35.466
35.477
35.487
35.498
35.508
35.518
35.529
35.539
35.55
35.56
35.571
35.581
35.591
35.602
35.612
35.623
35.633
35.643
35.654
35.664
35.675
35.685
35.695
35.706
35.716
35.727
35.737
35.747
35.758
35.768
35.779
35.789
35.799
35.81
35.82
35.831
35.841
35.851
35.862
35.872
35.883
35.893
35.904
35.914
35.924
35.935
35.945
35.956
35.966
35.976
35.987
35.997
36.008
36.018
36.028
36.039
36.049
36.06
36.07
36.08
36.091
36.101
36.112
36.122
36.132
36.143
36.153
36.164
36.174
36.185
36.195
36.206
36.216
36.226
36.237
36.247
36.258
36.268
36.278
36.289
36.299
36.31
36.32
36.331
36.341
36.351
36.362
36.372
36.383
36.393
36.403
36.414
36.424
36.435
36.445
36.455
36.466
36.476
36.487
36.497
36.508
36.518
36.528
36.539
36.549
36.56
36.57
36.58
36.591
36.601
36.612
36.622
36.632
36.643
36.653
36.664
36.674
36.685
36.695
36.705
36.716
36.726
36.737
36.747
36.758
36.768
36.778
36.789
36.799
36.81
36.82
36.831
36.841
36.851
36.862
36.872
36.883
36.893
36.903
36.914
36.924
36.935
36.945
36.955
36.966
36.976
36.987
36.997
37.008
37.018
37.028
37.039
37.049
37.06
37.07
37.081
37.091
37.101
37.112
37.122
37.133
37.143
37.154
37.164
37.174
37.185
37.195
37.206
37.216
37.226
37.237
37.247
37.258
37.268
37.278
37.289
37.299
37.31
37.32
37.331
37.341
37.351
37.362
37.372
37.383
37.393
37.403
37.414
37.424
37.435
37.445
37.455
37.466
37.476
37.487
37.497
37.507
37.518
37.528
37.539
37.549
37.559
37.57
37.58
37.591
37.601
37.611
37.622
37.632
37.643
37.653
37.664
37.674
37.684
37.695
37.705
37.716
37.726
37.736
37.747
37.757
37.768
37.778
37.789
37.799
37.809
37.82
37.83
37.841
37.851
37.861
37.872
37.882
37.893
37.903
37.913
37.924
37.934
37.945
37.955
37.966
37.976
37.986
37.997
38.007
38.018
38.028
38.039
38.049
38.059
38.07
38.08
38.091
38.101
38.111
38.122
38.132
38.143
38.153
38.164
38.174
38.184
38.195
38.205
38.216
38.226
38.236
38.247
38.257
38.268
38.278
38.288
38.299
38.309
38.32
38.33
38.341
38.351
38.361
38.372
38.382
38.393
38.403
38.414
38.424
38.434
38.445
38.455
38.466
38.476
38.486
38.497
38.507
38.518
38.528
38.539
38.549
38.559
38.57
38.58
38.591
38.601
38.611
38.622
38.632
38.643
38.653
38.663
38.674
38.684
38.695
38.705
38.715
38.726
38.736
38.747
38.757
38.768
38.778
38.788
38.799
38.809
38.82
38.83
38.84
38.851
38.861
38.872
38.882
38.892
38.903
38.913
38.924
38.934
38.945
38.955
38.965
38.976
38.986
38.997
39.007
39.018
39.028
39.038
39.049
39.059
39.07
39.08
39.09
39.101
39.111
39.122
39.132
39.142
39.153
39.163
39.174
39.184
39.194
39.205
39.215
39.226
39.236
39.247
39.257
39.267
39.278
39.288
39.299
39.309
39.32
39.33
39.34
39.351
39.361
39.372
39.382
39.392
39.403
39.413
39.424
39.434
39.444
39.455
39.465
39.476
39.486
39.497
39.507
39.517
39.528
39.538
39.549
39.559
39.569
39.58
39.59
39.601
39.611
39.621
39.632
39.642
39.653
39.663
39.674
39.684
39.694
39.705
39.715
39.726
39.736
39.746
39.757
39.767
39.778
39.788
39.799
39.809
39.819
39.83
39.84
39.851
39.861
39.871
39.882
39.892
39.903
39.913
39.923
39.934
39.944
39.955
39.965
39.976
39.986
39.996
40.007
40.017
40.028
40.038
40.048
40.059
40.069
40.08
40.09
40.101
40.111
40.122
40.132
40.142
40.153
40.163
40.174
40.184
40.195
40.205
40.216
40.226
40.236
40.247
40.257
40.268
40.278
40.288
40.299
40.309
40.32
40.33
40.34
40.351
40.361
40.372
40.382
40.392
40.403
40.413
40.424
40.434
40.445
40.455
40.465
40.476
40.486
40.497
40.507
40.517
40.528
40.538
40.549
40.559
40.569
40.58
40.59
40.601
40.611
40.621
40.632
40.642
40.653
40.663
40.674
40.684
40.694
40.705
40.715
40.726
40.736
40.746
40.757
40.767
40.777
40.788
40.798
40.809
40.819
40.83
40.84
40.85
40.861
40.871
40.882
40.892
40.902
40.913
40.923
40.934
40.944
40.954
40.965
40.975
40.986
40.996
41.007
41.017
41.027
41.038
41.048
41.059
41.069
41.08
41.09
41.1
41.111
41.121
41.132
41.142
41.152
41.163
41.173
41.184
41.194
41.205
41.215
41.225
41.236
41.246
41.257
41.267
41.277
41.288
41.298
41.309
41.319
41.329
41.34
41.35
41.361
41.371
41.381
41.392
41.402
41.413
41.423
41.433
41.444
41.454
41.465
41.475
41.486
41.496
41.506
41.517
41.527
41.538
41.548
41.558
41.569
41.579
41.59
41.6
41.611
41.621
41.631
41.642
41.652
41.663
41.673
41.683
41.694
41.704
41.715
41.725
41.735
41.746
41.756
41.767
41.777
41.788
41.798
41.808
41.819
41.829
41.84
41.85
41.86
41.871
41.881
41.892
41.902
41.912
41.923
41.933
41.944
41.954
41.965
41.975
41.985
41.996
42.006
42.017
42.027
42.037
42.048
42.058
42.069
42.079
42.089
42.1
42.11
42.121
42.131
42.141
42.152
42.162
42.173
42.183
42.194
42.204
42.214
42.225
42.235
42.246
42.256
42.267
42.277
42.287
42.298
42.308
42.319
42.329
42.339
42.35
42.36
42.371
42.381
42.391
42.402
42.412
42.423
42.433
42.444
42.454
42.464
42.475
42.485
42.496
42.506
42.516
42.527
42.537
42.548
42.558
42.568
42.579
42.589
42.6
42.61
42.621
42.631
42.641
42.652
42.662
42.673
42.683
42.693
42.704
42.714
42.725
42.735
42.746
42.756
42.766
42.777
42.787
42.798
42.808
42.818
42.829
42.839
42.85
42.86
42.871
42.881
42.891
42.902
42.912
42.923
42.933
42.943
42.954
42.964
42.975
42.985
42.995
43.006
43.016
43.027
43.037
43.047
43.058
43.068
43.079
43.089
43.099
43.11
43.12
43.131
43.141
43.151
43.162
43.172
43.183
43.193
43.204
43.214
43.224
43.235
43.245
43.256
43.266
43.276
43.287
43.297
43.308
43.318
43.329
43.339
43.349
43.36
43.37
43.381
43.391
43.401
43.412
43.422
43.433
43.443
43.453
43.464
43.474
43.485
43.495
43.505
43.516
43.526
43.537
43.547
43.558
43.568
43.579
43.589
43.599
43.61
43.62
43.631
43.641
43.651
43.662
43.672
43.683
43.693
43.703
43.714
43.724
43.735
43.745
43.755
43.766
43.776
43.787
43.797
43.808
43.818
43.828
43.839
43.849
43.86
43.87
43.88
43.891
43.901
43.912
43.922
43.933
43.943
43.953
43.964
43.974
43.985
43.995
44.005
44.016
44.026
