0
0.012
0.022
0.033
0.043
0.053
0.064
0.074
0.085
0.095
0.105
0.116
0.126
0.137
0.147
0.157
0.168
0.178
0.189
0.199
0.209
0.22
0.23
0.241
0.251
0.261
0.272
0.282
0.293
0.303
0.314
0.324
0.334
0.345
0.355
0.366
0.376
0.386
0.397
0.407
0.418
0.428
0.438
0.449
0.459
0.469
0.48
0.49
0.501
0.511
0.521
0.532
0.542
0.553
0.563
0.574
0.584
0.594
0.605
0.615
0.626
0.636
0.646
0.657
0.667
0.678
0.688
0.698
0.709
0.719
0.73
0.74
0.751
0.761
0.771
0.782
0.792
0.803
0.813
0.823
0.834
0.844
0.855
0.865
0.875
0.886
0.896
0.907
0.917
0.928
0.938
0.948
0.959
0.969
0.98
0.99
1
1.011
1.021
1.032
1.042
1.053
1.063
1.073
1.084
1.094
1.105
1.115
1.125
1.136
1.146
1.157
1.167
1.177
1.188
1.198
1.209
1.219
1.23
1.24
1.25
1.261
1.271
1.282
1.292
1.302
1.313
1.323
1.334
1.344
1.354
1.365
1.375
1.386
1.396
1.407
1.417
1.427
1.438
1.448
1.459
1.469
1.48
1.49
1.5
1.511
1.521
1.532
1.542
1.553
1.563
1.573
1.584
1.594
1.605
1.615
1.625
1.636
1.646
1.657
1.667
1.677
1.688
1.698
1.709
1.719
1.73
1.74
1.75
1.761
1.771
1.782
1.792
1.802
1.813
1.823
1.834
1.844
1.854
1.865
1.875
1.886
1.896
1.907
1.917
1.927
1.938
1.948
1.959
1.969
1.979
1.99
2
2.011
2.021
2.031
2.042
2.052
2.063
2.073
2.084
2.094
2.105
2.115
2.125
2.136
2.146
2.157
2.167
2.177
2.188
2.198
2.209
2.219
2.23
2.24
2.25
2.261
2.271
2.282
2.292
2.302
2.313
2.323
2.334
2.344
2.354
2.365
2.375
2.386
2.396
2.406
2.417
2.427
2.438
2.448
2.459
2.469
2.479
2.49
2.5
2.511
2.521
2.531
2.542
2.552
2.563
2.573
2.584
2.594
2.604
2.615
2.625
2.636
2.646
2.656
2.667
2.677
2.688
2.698
2.709
2.719
2.73
2.74
2.75
2.761
2.771
2.782
2.792
2.802
2.813
2.823
2.834
2.844
2.855
2.865
2.875
2.886
2.896
2.907
2.917
2.927
2.938
2.948
2.959
2.969
2.979
2.99
3
3.011
3.021
3.031
3.042
3.052
3.063
3.073
3.083
3.094
3.104
3.115
3.125
3.135
3.146
3.156
3.167
3.177
3.187
3.198
3.208
3.219
3.229
3.239
3.25
3.26
3.271
3.281
3.291
3.302
3.312
3.323
3.333
3.344
3.354
3.364
3.375
3.385
3.395
3.406
3.416
3.427
3.437
3.448
3.458
3.469
3.479
3.489
3.5
3.51
3.521
3.531
3.542
3.552
3.562
3.573
3.583
3.594
3.604
3.614
3.625
3.635
3.646
3.656
3.667
3.677
3.687
3.698
3.708
3.719
3.729
3.74
3.75
3.76
3.771
3.781
3.792
3.802
3.812
3.823
3.833
3.844
3.854
3.864
3.875
3.885
3.896
3.906
3.917
3.927
3.937
3.948
3.958
3.969
3.979
3.989
4
4.01
4.021
4.031
4.041
4.052
4.062
4.073
4.083
4.093
4.104
4.114
4.125
4.135
4.146
4.156
4.166
4.177
4.187
4.198
4.208
4.218
4.229
4.239
4.25
4.26
4.271
4.281
4.291
4.302
4.312
4.323
4.333
4.343
4.354
4.364
4.375
4.385
4.395
4.406
4.416
4.427
4.437
4.448
4.458
4.468
4.479
4.489
4.5
4.51
4.521
4.531
4.541
4.552
4.562
4.573
4.583
4.593
4.604
4.614
4.625
4.635
4.645
4.656
4.666
4.677
4.687
4.698
4.708
4.719
4.729
4.74
4.75
4.76
4.771
4.781
4.792
4.802
4.813
4.823
4.833
4.844
4.854
4.865
4.875
4.885
4.896
4.906
4.917
4.927
4.937
4.948
4.958
4.969
4.979
4.989
5
5.01
5.021
5.031
5.041
5.052
5.062
5.073
5.083
5.094
5.104
5.114
5.125
5.135
5.146
5.156
5.166
5.177
5.187
5.198
5.208
5.218
5.229
5.239
5.25
5.26
5.271
5.281
5.291
5.302
5.312
5.323
5.333
5.344
5.354
5.364
5.375
5.385
5.396
5.406
5.416
5.427
5.437
5.448
5.458
5.469
5.479
5.489
5.5
5.51
5.521
5.531
5.541
5.552
5.562
5.573
5.583
5.594
5.604
5.614
5.625
5.635
5.645
5.656
5.666
5.677
5.687
5.698
5.708
5.718
5.729
5.739
5.75
5.76
5.771
5.781
5.791
5.802
5.812
5.823
5.833
5.843
5.854
5.864
5.875
5.885
5.896
5.906
5.916
5.927
5.937
5.948
5.958
5.968
5.979
5.989
6
6.01
6.02
6.031
6.041
6.052
6.062
6.072
6.083
6.093
6.104
6.114
6.125
6.135
6.145
6.156
6.166
6.177
6.187
6.197
6.208
6.218
6.229
6.239
6.25
6.26
6.27
6.281
6.291
6.302
6.312
6.322
6.333
6.343
6.353
6.364
6.374
6.385
6.395
6.406
6.416
6.426
6.437
6.447
6.458
6.468
6.478
6.489
6.499
6.51
6.52
6.531
6.541
6.551
6.562
6.572
6.583
6.593
6.603
6.614
6.624
6.635
6.645
6.655
6.666
6.676
6.687
6.697
6.707
6.718
6.728
6.739
6.749
6.759
6.77
6.78
6.791
6.801
6.812
6.822
6.833
6.843
6.854
6.864
6.874
6.885
6.895
6.906
6.916
6.927
6.937
6.947
6.958
6.968
6.979
6.989
6.999
7.01
7.02
7.031
7.041
7.051
7.062
7.072
7.083
7.093
7.104
7.114
7.125
7.135
7.145
7.156
7.166
7.177
7.187
7.198
7.208
7.218
7.229
7.239
7.25
7.26
7.271
7.281
7.291
7.302
7.312
7.323
7.333
7.343
7.354
7.364
7.375
7.385
7.395
7.406
7.416
7.427
7.437
7.447
7.458
7.468
7.479
7.489
7.5
7.51
7.52
7.531
7.541
7.552
7.562
7.572
7.583
7.593
7.604
7.614
7.625
7.635
7.645
7.656
7.666
7.677
7.687
7.697
7.708
7.718
7.729
7.739
7.749
7.76
7.77
7.781
7.791
7.802
7.812
7.822
7.833
7.843
7.854
7.864
7.874
7.885
7.895
7.906
7.916
7.926
7.937
7.947
7.958
7.968
7.978
7.989
7.999
8.01
8.02
8.031
8.041
8.051
8.062
8.072
8.083
8.093
8.103
8.114
8.124
8.135
8.145
8.156
8.166
8.176
8.187
8.197
8.208
8.218
8.228
8.239
8.249
8.26
8.27
8.28
8.291
8.301
8.312
8.322
8.333
8.343
8.353
8.364
8.374
8.385
8.395
8.405
8.416
8.426
8.437
8.447
8.458
8.468
8.478
8.489
8.499
8.51
8.52
8.53
8.541
8.551
8.562
8.572
8.583
8.593
8.603
8.614
8.624
8.635
8.645
8.655
8.666
8.676
8.687
8.697
8.707
8.718
8.728
8.739
8.749
8.759
8.77
8.78
8.791
8.801
8.811
8.822
8.832
8.843
8.853
8.863
8.874
8.884
8.895
8.905
8.916
8.926
8.937
8.947
8.957
8.968
8.978
8.989
8.999
9.01
9.02
9.03
9.041
9.051
9.062
9.072
9.083
9.093
9.103
9.114
9.124
9.135
9.145
9.155
9.166
9.176
9.187
9.197
9.207
9.218
9.228
9.239
9.249
9.26
9.27
9.281
9.291
9.301
9.312
9.322
9.333
9.343
9.353
9.364
9.374
9.385
9.395
9.405
9.416
9.426
9.437
9.447
9.458
9.468
9.478
9.489
9.499
9.51
9.52
9.53
9.541
9.551
9.562
9.572
9.583
9.593
9.603
9.614
9.624
9.635
9.645
9.655
9.666
9.676
9.687
9.697
9.708
9.718
9.728
9.739
9.749
9.76
9.77
9.78
9.791
9.801
9.812
9.822
9.832
9.843
9.853
9.864
9.874
9.884
9.895
9.905
9.916
9.926
9.937
9.947
9.957
9.968
9.978
9.989
9.999
10.01
10.02
10.03
10.041
10.051
10.062
10.072
10.082
10.093
10.103
10.114
10.124
10.135
10.145
10.155
10.166
10.176
10.187
10.197
10.207
10.218
10.228
10.239
10.249
10.259
10.27
10.28
10.291
10.301
10.311
10.322
10.332
10.343
10.353
10.363
10.374
10.384
10.395
10.405
10.416
10.426
10.436
10.447
10.457
10.468
10.478
10.488
10.499
10.509
10.52
10.53
10.54
10.551
10.561
10.572
10.582
10.593
10.603
10.613
10.624
10.634
10.645
10.655
10.665
10.676
10.686
10.697
10.707
10.717
10.728
10.738
10.749
10.759
10.769
10.78
10.79
10.801
10.811
10.821
10.832
10.842
10.853
10.863
10.873
10.884
10.894
10.905
10.915
10.925
10.936
10.946
10.957
10.967
10.977
10.988
10.998
11.009
11.019
11.03
11.04
11.05
11.061
11.071
11.082
11.092
11.102
11.113
11.123
11.134
11.144
11.155
11.165
11.175
11.186
11.196
11.207
11.217
11.228
11.238
11.248
11.259
11.269
11.28
11.29
11.3
11.311
11.321
11.332
11.342
11.353
11.363
11.373
11.384
11.394
11.405
11.415
11.425
11.436
11.446
11.457
11.467
11.478
11.488
11.498
11.509
11.519
11.53
11.54
11.55
11.561
11.571
11.582
11.592
11.602
11.613
11.623
11.634
11.644
11.655
11.665
11.675
11.686
11.696
11.707
11.717
11.727
11.738
11.748
11.759
11.769
11.78
11.79
11.801
11.811
11.821
11.832
11.842
11.853
11.863
11.873
11.884
11.894
11.905
11.915
11.925
11.936
11.946
11.957
11.967
11.977
11.988
11.998
12.009
12.019
12.03
12.04
12.05
12.061
12.071
12.082
12.092
12.102
12.113
12.123
12.134
12.144
12.154
12.165
12.175
12.186
12.196
12.207
12.217
12.227
12.238
12.248
12.259
12.269
12.279
12.29
12.3
12.311
12.321
12.332
12.342
12.353
12.363
12.373
12.384
12.394
12.405
12.415
12.425
12.436
12.446
12.457
12.467
12.477
12.488
12.498
12.509
12.519
12.53
12.54
12.55
12.561
12.571
12.582
12.592
12.603
12.613
12.623
12.634
12.644
12.655
12.665
12.676
12.686
12.696
12.707
12.717
12.728
12.738
12.748
12.759
12.769
12.78
12.79
12.801
12.811
12.821
12.832
12.842
12.853
12.863
12.873
12.884
12.894
12.905
12.915
12.926
12.936
12.946
12.957
12.967
12.978
12.988
12.998
13.009
13.019
13.03
13.04
13.051
13.061
13.071
13.082
13.092
13.103
13.113
13.123
13.134
13.144
13.155
13.165
13.176
13.186
13.197
13.207
13.217
13.228
13.238
13.249
13.259
13.27
13.28
13.291
13.301
13.311
13.322
13.332
13.343
13.353
13.364
13.374
13.384
13.395
13.405
13.416
13.426
13.437
13.447
13.457
13.468
13.478
13.489
13.499
13.509
13.52
13.53
13.541
13.551
13.561
13.572
13.582
13.593
13.603
13.613
13.624
13.634
13.645
13.655
13.666
13.676
13.686
13.697
13.707
13.718
13.728
13.738
13.749
13.759
13.77
13.78
13.79
13.801
13.811
13.822
13.832
13.843
13.853
13.863
13.874
13.885
13.896
13.906
13.916
13.927
13.937
13.948
13.958
13.968
13.979
13.989
14
14.01
14.021
14.031
14.042
14.052
14.062
14.073
14.083
14.094
14.104
14.114
14.125
14.135
14.146
14.156
14.167
14.177
14.187
14.198
14.208
14.219
14.229
14.24
14.25
14.261
14.271
14.281
14.292
14.302
14.313
14.323
14.334
14.344
14.354
14.365
14.375
14.386
14.396
14.407
14.417
14.427
14.438
14.448
14.459
14.469
14.48
14.49
14.5
14.511
14.521
14.532
14.542
14.553
14.563
14.573
14.584
14.594
14.605
14.615
14.626
14.636
14.646
14.657
14.667
14.678
14.688
14.698
14.709
14.719
14.73
14.74
14.75
14.761
14.771
14.782
14.792
14.803
14.813
14.823
14.834
14.844
14.855
14.865
14.875
14.886
14.896
14.907
14.917
14.928
14.938
14.948
14.959
14.969
14.98
14.99
15
15.011
15.021
15.032
15.042
15.053
15.063
15.074
15.084
15.094
15.105
15.115
15.126
15.136
15.146
15.157
15.167
15.178
15.188
15.198
15.209
15.219
15.23
15.24
15.25
15.261
15.271
15.282
15.292
15.303
15.313
15.323
15.334
15.344
15.355
15.365
15.376
15.386
15.396
15.407
15.417
15.428
15.438
15.448
15.459
15.469
15.48
15.49
15.501
15.511
15.521
15.532
15.542
15.553
15.563
15.573
15.584
15.594
15.605
15.615
15.626
15.636
15.646
15.657
15.667
15.677
15.688
15.698
15.709
15.719
15.73
15.74
15.75
15.761
15.771
15.782
15.792
15.802
15.813
15.823
15.834
15.844
15.854
15.865
15.875
15.886
15.896
15.906
15.917
15.927
15.938
15.948
15.959
15.969
15.979
15.99
16
16.011
16.021
16.032
16.042
16.052
16.063
16.073
16.084
16.094
16.105
16.115
16.125
16.136
16.146
16.157
16.167
16.178
16.188
16.198
16.209
16.219
16.23
16.24
16.25
16.261
16.271
16.282
16.292
16.302
16.313
16.323
16.334
16.344
16.355
16.365
16.375
16.386
16.396
16.407
16.417
16.428
16.438
16.449
16.459
16.469
16.48
16.49
16.501
16.511
16.521
16.532
16.542
16.553
16.563
16.574
16.584
16.594
16.605
16.615
16.626
16.636
16.647
16.657
16.667
16.678
16.688
16.699
16.709
16.719
16.73
16.74
16.751
16.761
16.771
16.782
16.792
16.803
16.813
16.823
16.834
16.844
16.855
16.865
16.876
16.886
16.896
16.907
16.917
16.928
16.938
16.948
16.959
16.969
16.98
16.99
17.001
17.011
17.021
17.032
17.042
17.053
17.063
17.073
17.084
17.094
17.105
17.115
17.126
17.136
17.146
17.157
17.167
17.178
17.188
17.199
17.209
17.219
17.23
17.24
17.251
17.261
17.271
17.282
17.292
17.303
17.313
17.324
17.334
17.344
17.355
17.365
17.376
17.386
17.396
17.407
17.417
17.428
17.438
17.449
17.459
17.469
17.48
17.49
17.501
17.511
17.522
17.532
17.542
17.553
17.563
17.574
17.584
17.595
17.605
17.615
17.626
17.636
17.647
17.657
17.667
17.678
17.688
17.699
17.709
17.72
17.73
17.74
17.751
17.761
17.772
17.782
17.792
17.803
17.813
17.824
17.834
17.845
17.855
17.865
17.876
17.886
17.897
17.907
17.917
17.928
17.938
17.949
17.959
17.969
17.98
17.99
18.001
18.011
18.021
18.032
18.042
18.053
18.063
18.074
18.084
18.094
18.105
18.115
18.126
18.136
18.146
18.157
18.167
18.178
18.188
18.198
18.209
18.219
18.23
18.24
18.25
18.261
18.271
18.282
18.292
18.302
18.313
18.323
18.334
18.344
18.354
18.365
18.375
18.386
18.396
18.407
18.417
18.427
18.438
18.448
18.459
18.469
18.48
18.49
18.5
18.511
18.521
18.532
18.542
18.553
18.563
18.573
18.584
18.594
18.604
18.615
18.625
18.636
18.646
18.657
18.667
18.677
18.688
18.698
18.709
18.719
18.73
18.74
18.75
18.761
18.771
18.782
18.792
18.802
18.813
18.823
18.834
18.844
18.854
18.865
18.875
18.886
18.896
18.907
18.917
18.928
18.938
18.948
18.959
18.969
18.98
18.99
19
19.011
19.021
19.032
19.042
19.053
19.063
19.073
19.084
19.094
19.105
19.115
19.125
19.136
19.146
19.157
19.167
19.178
19.188
19.198
19.209
19.219
19.23
19.24
19.251
19.261
19.271
19.282
19.292
19.303
19.313
19.324
19.334
19.344
19.355
19.365
19.376
19.386
19.397
19.407
19.417
19.428
19.438
19.449
19.459
19.469
19.48
19.49
19.501
19.511
19.521
19.532
19.542
19.553
19.563
19.573
19.584
19.594
19.605
19.615
19.626
19.636
19.646
19.657
19.667
19.678
19.688
19.699
19.709
19.719
19.73
19.74
19.751
19.761
19.771
19.782
19.792
19.803
19.813
19.823
19.834
19.844
19.855
19.865
19.875
19.886
19.896
19.907
19.917
19.928
19.938
19.948
19.959
19.969
19.98
19.99
20.001
20.011
20.021
20.032
20.042
20.053
20.063
20.074
20.084
20.095
20.105
20.115
20.126
20.136
20.147
20.157
20.167
20.178
20.188
20.199
20.209
20.22
20.23
20.24
20.251
20.261
20.272
20.282
20.293
20.303
20.313
20.324
20.334
20.345
20.355
20.365
20.376
20.386
20.397
20.407
20.417
20.428
20.438
20.449
20.459
20.47
20.48
20.49
20.501
20.511
20.522
20.532
20.542
20.553
20.563
20.574
20.584
20.594
20.605
20.615
20.626
20.636
20.646
20.657
20.667
20.678
20.688
20.699
20.709
20.719
20.73
20.74
20.751
20.761
20.771
20.782
20.792
20.803
20.813
20.823
20.834
20.844
20.855
20.865
20.875
20.886
20.896
20.907
20.917
20.928
20.938
20.948
20.959
20.969
20.98
20.99
21
21.011
21.021
21.032
21.042
21.052
21.063
21.073
21.084
21.094
21.105
21.115
21.125
21.136
21.146
21.157
21.167
21.178
21.188
21.198
21.209
21.219
21.23
21.24
21.25
21.261
21.271
21.282
21.292
21.302
21.313
21.323
21.334
21.344
21.355
21.365
21.375
21.386
21.396
21.407
21.417
21.427
21.438
21.448
21.459
21.469
21.48
21.49
21.5
21.511
21.521
21.532
21.542
21.552
21.563
21.573
21.584
21.594
21.605
21.615
21.625
21.636
21.646
21.657
21.667
21.677
21.688
21.698
21.709
21.719
21.73
21.74
21.75
21.761
21.771
21.782
21.792
21.803
21.813
21.823
21.834
21.844
21.855
21.865
21.875
21.886
21.896
21.907
21.917
21.928
21.938
21.948
21.959
21.969
21.98
21.99
22
22.011
22.021
22.032
22.042
22.053
22.063
22.073
22.084
22.094
22.105
22.115
22.125
22.136
22.146
22.157
22.167
22.178
22.188
22.198
22.209
22.219
22.23
22.24
22.251
22.261
22.271
22.282
22.292
22.303
22.313
22.324
22.334
22.344
22.355
22.365
22.376
22.386
22.396
22.407
22.417
22.428
22.438
22.449
22.459
22.47
22.48
22.49
22.501
22.511
22.522
22.532
22.542
22.553
22.563
22.574
22.584
22.594
22.605
22.615
22.626
22.636
22.646
22.657
22.667
22.678
22.688
22.699
22.709
22.719
22.73
22.74
22.751
22.761
22.772
22.782
22.793
22.803
22.813
22.824
22.834
22.845
22.855
22.865
22.876
22.886
22.897
22.907
22.917
22.928
22.938
22.949
22.959
22.97
22.98
22.99
23.001
23.011
23.022
23.032
23.042
23.053
23.063
23.074
23.084
23.095
23.105
23.115
23.126
23.136
23.147
23.157
23.167
23.178
23.188
23.199
23.209
23.22
23.23
23.24
23.251
23.261
23.272
23.282
23.293
23.303
23.313
23.324
23.334
23.345
23.355
23.366
23.376
23.386
23.397
23.407
23.418
23.428
23.439
23.449
23.459
23.47
23.48
23.491
23.501
23.511
23.522
23.532
23.543
23.553
23.563
23.574
23.584
23.595
23.605
23.616
23.626
23.636
23.647
23.657
23.668
23.678
23.689
23.699
23.71
23.72
23.73
23.741
23.751
23.762
23.772
23.782
23.793
23.803
23.814
23.824
23.835
23.845
23.855
23.866
23.876
23.887
23.897
23.907
23.918
23.928
23.939
23.949
23.959
23.97
23.98
23.991
24.001
24.011
24.022
24.032
24.043
24.053
24.064
24.074
24.084
24.095
24.105
24.116
24.126
24.137
24.147
24.157
24.168
24.178
24.189
24.199
24.209
24.22
24.23
24.241
24.251
24.262
24.272
24.282
24.293
24.303
24.314
24.324
24.335
24.345
24.355
24.366
24.376
24.387
24.397
24.407
24.418
24.428
24.439
24.45
24.46
24.47
24.481
24.491
24.502
24.512
24.523
24.533
24.543
24.554
24.564
24.575
24.585
24.596
24.606
24.616
24.627
24.637
24.648
24.658
24.668
24.679
24.689
24.7
24.71
24.721
24.731
24.741
24.752
24.762
24.773
24.783
24.794
24.804
24.814
24.825
24.835
24.846
24.856
24.866
24.877
24.887
24.898
24.908
24.919
24.929
24.939
24.95
24.96
24.971
24.981
24.992
25.002
25.012
25.023
25.033
25.044
25.054
25.064
25.075
25.085
25.096
25.106
25.116
25.127
25.137
25.148
25.158
25.168
25.179
25.189
25.2
25.21
25.221
25.231
25.242
25.252
25.262
25.273
25.283
25.294
25.304
25.315
25.325
25.335
25.346
25.356
25.367
25.377
25.387
25.398
25.408
25.419
25.429
25.439
25.45
25.46
25.471
25.481
25.491
25.502
25.512
25.523
25.533
25.543
25.554
25.564
25.575
25.585
25.595
25.606
25.616
25.627
25.637
25.648
25.658
25.668
25.679
25.689
25.7
25.71
25.72
25.731
25.741
25.752
25.762
25.773
25.783
25.793
25.804
25.814
25.825
25.835
25.846
25.856
25.866
25.877
25.887
25.898
25.908
25.918
25.929
25.939
25.95
25.96
25.97
25.981
25.991
26.002
26.012
26.022
26.033
26.043
26.054
26.064
26.074
26.085
26.095
26.106
26.116
26.126
26.137
26.147
26.158
26.168
26.179
26.189
26.199
26.21
26.22
26.231
26.241
26.251
26.262
26.272
26.283
26.293
26.303
26.314
26.324
26.335
26.345
26.356
26.366
26.376
26.387
26.397
26.408
26.418
26.429
26.439
26.449
26.46
26.47
26.481
26.491
26.501
26.512
26.522
26.533
26.543
26.554
26.564
26.574
26.585
26.595
26.606
26.616
26.626
26.637
26.647
26.658
26.668
26.679
26.689
26.699
26.71
26.72
26.731
26.741
26.751
26.762
26.772
26.783
26.793
26.804
26.814
26.824
26.835
26.845
26.856
26.866
26.877
26.887
26.897
26.908
26.918
26.929
26.939
26.949
26.96
26.97
26.981
26.991
27.001
27.012
27.022
27.033
27.043
27.054
27.064
27.074
27.085
27.095
27.106
27.116
27.126
27.137
27.147
27.158
27.168
27.179
27.189
27.199
27.21
27.22
27.231
27.241
27.251
27.262
27.272
27.283
27.293
27.304
27.314
27.324
27.335
27.345
27.356
27.366
27.377
27.387
27.397
27.408
27.418
27.429
27.439
27.449
27.46
27.47
27.481
27.491
27.502
27.512
27.522
27.533
27.543
27.554
27.564
27.574
27.585
27.595
27.606
27.616
27.626
27.637
27.647
27.658
27.668
27.678
27.689
27.699
27.71
27.72
27.73
27.741
27.751
27.762
27.772
27.783
27.793
27.803
27.814
27.824
27.835
27.845
27.855
27.866
27.876
27.887
27.897
27.907
27.918
27.928
27.939
27.949
27.96
27.97
27.98
27.991
28.001
28.012
28.022
28.033
28.043
28.053
28.064
28.074
28.085
28.095
28.105
28.116
28.126
28.137
28.147
28.158
28.168
28.178
28.189
28.199
28.21
28.22
28.23
28.241
28.251
28.262
28.272
28.282
28.293
28.303
28.314
28.324
28.334
28.345
28.355
28.366
28.376
28.387
28.397
28.407
28.418
28.428
28.439
28.449
28.459
28.47
28.48
28.491
28.501
28.511
28.522
28.532
28.543
28.553
28.564
28.574
28.584
28.595
28.605
28.616
28.626
28.636
28.647
28.657
28.668
28.678
28.689
28.699
28.709
28.72
28.73
28.741
28.751
28.761
28.772
28.782
28.793
28.803
28.813
28.824
28.834
28.845
28.855
28.866
28.876
28.886
28.897
28.907
28.918
28.928
28.938
28.949
28.959
28.97
28.98
28.99
29.001
29.011
29.022
29.032
29.043
29.053
29.064
29.074
29.084
29.095
29.105
29.116
29.126
29.136
29.147
29.157
29.168
29.178
29.188
29.199
29.209
29.22
29.23
29.24
29.251
29.261
29.272
29.282
29.293
29.303
29.314
29.324
29.334
29.345
29.355
29.366
29.376
29.386
29.397
29.407
29.418
29.428
29.439
29.449
29.459
29.47
29.48
29.491
29.501
29.512
29.522
29.532
29.543
29.553
29.564
29.574
29.584
29.595
29.605
29.616
29.626
29.637
29.647
29.658
29.668
29.678
29.689
29.699
29.71
29.72
29.73
29.741
29.751
29.762
29.772
29.783
29.793
29.803
29.814
29.824
29.835
29.845
29.856
29.866
29.876
29.887
29.897
29.908
29.918
29.929
29.939
29.949
29.96
29.97
29.981
29.991
30.001
30.012
30.022
30.033
30.043
30.053
30.064
30.074
30.085
30.095
30.106
30.116
30.126
30.137
30.147
30.158
30.168
30.178
30.189
30.199
30.21
30.22
30.231
30.241
30.251
30.262
30.272
30.283
30.293
30.304
30.314
30.324
30.335
30.345
30.356
30.366
30.376
30.387
30.397
30.408
30.418
30.428
30.439
30.449
30.46
30.47
30.481
30.491
30.501
30.512
30.522
30.533
30.543
30.553
30.564
30.574
30.585
30.595
30.606
30.616
30.626
30.637
30.647
30.658
30.668
30.678
30.689
30.699
30.71
30.72
30.731
30.741
30.751
30.762
30.772
30.783
30.793
30.803
30.814
30.824
30.835
30.845
30.856
30.866
30.876
30.887
30.897
30.908
30.918
30.928
30.939
30.949
30.96
30.97
30.981
30.991
31.002
31.012
31.022
31.033
31.043
31.054
31.064
31.075
31.085
31.095
31.106
31.116
31.127
31.137
31.147
31.158
31.168
31.179
31.189
31.199
31.21
31.22
31.231
31.241
31.252
31.262
31.272
31.283
31.293
31.304
31.314
31.324
31.335
31.345
31.356
31.366
31.377
31.387
31.397
31.408
31.418
31.429
31.439
31.45
31.46
31.47
31.481
31.491
31.502
31.512
31.522
31.533
31.543
31.554
31.564
31.574
31.585
31.595
31.606
31.616
31.626
31.637
31.647
31.658
31.668
31.678
31.689
31.699
31.71
31.72
31.731
31.741
31.752
31.762
31.772
31.783
31.793
31.804
31.814
31.825
31.835
31.845
31.856
31.866
31.877
31.887
31.897
31.908
31.918
31.929
31.939
31.949
31.96
31.97
31.981
31.991
32.001
32.012
32.022
32.033
32.043
32.054
32.064
32.074
32.085
32.095
32.106
32.116
32.126
32.137
32.147
32.158
32.168
32.178
32.189
32.199
32.21
32.22
32.231
32.241
32.251
32.262
32.272
32.283
32.293
32.303
32.314
32.324
32.335
32.345
32.355
32.366
32.376
32.387
32.397
32.407
32.418
32.428
32.439
32.449
32.459
32.47
32.48
32.491
32.501
32.512
32.522
32.533
32.543
32.553
32.564
32.574
32.585
32.595
32.605
32.616
32.626
32.637
32.647
32.657
32.668
32.678
32.689
32.699
32.709
32.72
32.73
32.741
32.751
32.762
32.772
32.782
32.793
32.803
32.814
32.824
32.834
32.845
32.855
32.866
32.876
32.886
32.897
32.907
32.918
32.928
32.938
32.949
32.959
32.97
32.98
32.991
33.001
33.012
33.022
33.032
33.043
33.053
33.064
33.074
33.085
33.095
33.105
33.116
33.126
33.137
33.147
33.157
33.168
33.178
33.189
33.199
33.209
33.22
33.23
33.241
33.251
33.262
33.272
33.282
33.293
33.303
33.314
33.324
33.334
33.345
33.355
33.366
33.376
33.387
33.397
33.407
33.418
33.428
33.439
33.449
33.46
33.47
33.48
33.491
33.501
33.512
33.522
33.532
33.543
33.553
33.564
33.574
33.585
33.595
33.605
33.616
33.626
33.637
33.647
33.657
33.668
33.678
33.689
33.699
33.709
33.72
33.73
33.741
33.751
33.762
33.772
33.782
33.793
33.803
33.814
33.824
33.835
33.845
33.855
33.866
33.876
33.887
33.897
33.907
33.918
33.928
33.939
33.949
33.959
33.97
33.98
33.991
34.001
34.012
34.022
34.032
34.043
34.053
34.064
34.074
34.085
34.095
34.105
34.116
34.126
34.137
34.147
34.157
34.168
34.178
34.189
34.199
34.209
34.22
34.23
34.241
34.251
34.262
34.272
34.283
34.293
34.303
34.314
34.324
34.335
34.345
34.356
34.366
34.376
34.387
34.397
34.408
34.418
34.428
34.439
34.449
34.46
34.47
34.481
34.491
34.501
34.512
34.522
34.533
34.543
34.553
34.564
34.574
34.585
34.595
34.605
34.616
34.626
34.637
34.647
34.658
34.668
34.678
34.689
34.699
34.71
34.72
34.73
34.741
34.751
34.762
34.772
34.782
34.793
34.803
34.814
34.824
34.835
34.845
34.855
34.866
34.876
34.887
34.897
34.908
34.918
34.928
34.939
34.949
34.96
34.97
34.98
34.991
35.001
35.012
35.022
35.033
35.043
35.053
35.064
35.074
35.085
35.095
35.105
35.116
35.126
35.137
35.147
35.157
35.168
35.178
35.189
35.199
35.21
35.22
35.23
35.241
35.251
35.262
35.272
35.283
35.293
35.303
35.314
35.324
35.335
35.345
35.356
35.366
35.376
35.387
35.397
35.408
35.418
35.429
35.439
35.449
35.46
35.47
35.481
35.491
35.501
35.512
35.522
35.533
35.543
35.553
35.564
35.574
35.585
35.595
35.605
35.616
35.626
35.637
35.647
35.658
35.668
35.678
35.689
35.699
35.71
35.72
35.73
35.741
35.751
35.762
35.772
35.782
35.793
35.803
35.814
35.824
35.835
35.845
35.855
35.866
35.876
35.887
35.897
35.907
35.918
35.928
35.939
35.949
35.959
35.97
35.98
35.991
36.001
36.012
36.022
36.032
36.043
36.053
36.064
36.074
36.085
36.095
36.105
36.116
36.126
36.137
36.147
36.157
36.168
36.178
36.189
36.199
36.21
36.22
36.23
36.241
36.251
36.262
36.272
36.283
36.293
36.303
36.314
36.324
36.335
36.345
36.355
36.366
36.376
36.387
36.397
36.407
36.418
36.428
36.439
36.449
36.459
36.47
36.48
36.491
36.501
36.512
36.522
36.532
36.543
36.553
36.564
36.574
36.584
36.595
36.605
36.616
36.626
36.637
36.647
36.657
36.668
36.678
36.689
36.699
36.71
36.72
36.73
36.741
36.751
36.762
36.772
36.782
36.793
36.803
36.814
36.824
36.835
36.845
36.855
36.866
36.876
36.887
36.897
36.907
36.918
36.928
36.939
36.949
36.959
36.97
36.98
36.991
37.001
37.012
37.022
37.032
37.043
37.053
37.064
37.074
37.085
37.095
37.105
37.116
37.126
37.137
37.147
37.158
37.168
37.178
37.189
37.199
37.209
37.22
37.23
37.241
37.251
37.262
37.272
37.282
37.293
37.303
37.314
37.324
37.334
37.345
37.355
37.366
37.376
37.386
37.397
37.407
37.418
37.428
37.438
37.449
37.459
37.47
37.48
37.49
37.501
37.511
37.522
37.532
37.543
37.553
37.563
37.574
37.584
37.595
37.605
37.616
37.626
37.636
37.647
37.657
37.668
37.678
37.688
37.699
37.709
37.72
37.73
37.741
37.751
37.761
37.772
37.782
37.793
37.803
37.813
37.824
37.834
37.845
37.855
37.865
37.876
37.886
37.897
37.907
37.917
37.928
37.938
37.949
37.959
37.97
37.98
37.99
38.001
38.011
38.022
38.032
38.043
38.053
38.063
38.074
38.084
38.095
38.105
38.115
38.126
38.136
38.147
38.157
38.167
38.178
38.188
38.199
38.209
38.22
38.23
38.24
38.251
38.261
38.272
38.282
38.293
38.303
38.313
38.324
38.334
38.345
38.355
38.365
38.376
38.386
38.397
38.407
38.418
38.428
38.438
38.449
38.459
38.47
38.48
38.49
38.501
38.511
38.522
38.532
38.543
38.553
38.563
38.574
38.584
38.595
38.605
38.615
38.626
38.636
38.647
38.657
38.668
38.678
38.688
38.699
38.709
38.72
38.73
38.741
38.751
38.761
38.772
38.782
38.793
38.803
38.813
38.824
38.834
38.845
38.855
38.865
38.876
38.886
38.897
38.907
38.918
38.928
38.938
38.949
38.959
38.97
38.98
38.99
39.001
39.011
39.022
39.032
39.042
39.053
39.063
39.074
39.084
39.095
39.105
39.115
39.126
39.136
39.147
39.157
39.168
39.178
39.188
39.199
39.209
39.22
39.23
39.24
39.251
39.261
39.272
39.282
39.293
39.303
39.314
39.324
39.334
39.345
39.355
39.366
39.376
39.386
39.397
39.407
39.418
39.428
39.439
39.449
39.459
39.47
39.48
39.491
39.501
39.512
39.522
39.532
39.543
39.553
39.564
39.574
39.585
39.595
39.605
39.616
39.626
39.637
39.647
39.657
39.668
39.678
39.689
39.699
39.709
39.72
39.73
39.741
39.751
39.761
39.772
39.782
39.793
39.803
39.814
39.824
39.834
39.845
39.855
39.866
39.876
39.886
39.897
39.907
39.918
39.928
39.938
39.949
39.959
39.97
39.98
39.99
40.001
40.011
40.022
40.032
40.042
40.053
40.063
40.074
40.084
40.095
40.105
40.115
40.126
40.136
40.147
40.157
40.167
40.178
40.188
40.199
40.209
40.219
40.23
40.24
40.251
40.261
40.271
40.282
40.292
40.303
40.313
40.324
40.334
40.344
40.355
40.365
40.376
40.386
40.397
40.407
40.417
40.428
40.438
40.449
40.459
40.469
40.48
40.49
40.501
40.511
40.521
40.532
40.542
40.553
40.563
40.573
40.584
40.594
40.605
40.615
40.625
40.636
40.646
40.657
40.667
40.678
40.688
40.698
40.709
40.719
40.73
40.74
40.751
40.761
40.771
40.782
40.792
40.803
40.813
40.823
40.834
40.844
40.855
40.865
40.876
40.886
40.896
40.907
40.917
40.928
40.938
40.948
40.959
40.969
40.98
40.99
41.001
41.011
41.021
41.032
41.042
41.053
41.063
41.073
41.084
41.094
41.105
41.115
41.125
41.136
41.146
41.157
41.167
41.178
41.188
41.198
41.209
41.219
41.23
41.24
41.25
41.261
41.271
41.282
41.292
41.302
41.313
41.323
41.334
41.344
41.355
41.365
41.375
41.386
41.396
41.407
41.417
41.427
41.438
41.448
41.459
41.469
41.479
41.49
41.5
41.511
41.521
41.531
41.542
41.552
41.563
41.573
41.583
41.594
41.604
41.615
41.625
41.636
41.646
41.656
41.667
41.677
41.688
41.698
41.708
41.719
41.729
41.74
41.75
41.761
41.771
41.782
41.792
41.802
41.813
41.823
41.834
41.844
41.854
41.865
41.875
41.886
41.896
41.907
41.917
41.927
41.938
41.948
41.959
41.969
41.979
41.99
42
42.011
42.021
42.031
42.042
42.052
42.063
42.073
42.084
42.094
42.104
42.115
42.125
42.136
42.146
42.157
42.167
42.177
42.188
42.198
42.209
42.219
42.229
42.24
42.25
42.261
42.271
42.282
42.292
42.302
42.313
42.323
42.334
42.344
42.355
42.365
42.375
42.386
42.396
42.407
42.417
42.428
42.438
42.448
42.459
42.469
42.48
42.49
42.5
42.511
42.521
42.532
42.542
42.553
42.563
42.573
42.584
42.594
42.605
42.615
42.625
42.636
42.646
42.657
42.667
42.678
42.688
42.698
42.709
42.719
42.73
42.74
42.75
42.761
42.771
42.782
42.792
42.802
42.813
42.823
42.834
42.844
42.855
42.865
42.875
42.886
42.896
42.907
42.917
42.927
42.938
42.948
42.959
42.969
42.98
42.99
43.001
43.011
43.021
43.032
43.042
43.053
43.063
43.073
43.084
43.094
43.105
43.115
43.125
43.136
43.146
43.157
43.167
43.178
43.188
43.198
43.209
43.219
43.23
43.24
43.25
43.261
43.271
43.282
43.292
43.303
43.313
43.323
43.334
43.344
43.355
43.365
43.375
43.386
43.396
43.407
43.417
43.428
43.438
43.448
43.459
43.469
43.48
43.49
43.501
43.511
43.521
43.532
43.542
43.553
43.563
43.573
43.584
43.594
43.605
43.615
43.625
43.636
43.646
43.657
43.667
43.677
43.688
43.698
43.709
43.719
43.73
43.74
43.75
43.761
43.771
43.782
43.792
43.803
43.813
43.824
43.834
43.844
43.855
43.865
43.876
43.886
43.896
